1 0.5274583333333334 0.30265306122448976 0.06323958333333334 0.10905380333951763
2 0.5033333333333333 0.5297031539888682 0.09833333333333334 0.5600742115027829
3 0.5092291666666667 0.8294990723562152 0.20617708333333334 0.13359925788497218
1 0.26458333333333334 0.4175139146567718 0.04583333333333333 0.09595547309833023
2 0.25629166666666664 0.5501298701298701 0.08388541666666667 0.3589610389610389
3 0.22758333333333333 0.7724675324675325 0.0415 0.0863821892393321
1 0.7260416666666667 0.5190723562152133 0.034958333333333334 0.04551020408163266
2 0.7194895833333333 0.6435807050092764 0.04545833333333334 0.274582560296846
3 0.7186145833333334 0.7596846011131726 0.030739583333333334 0.06320964749536179
1 0.8279479166666667 0.4641372912801484 0.03761458333333333 0.060111317254174394
2 0.8321145833333333 0.6173283858998145 0.07558333333333334 0.34821892393320963
3 0.8449583333333333 0.8013358070500928 0.048239583333333336 0.07319109461966605