1 0.4708333333333333 0.3116017316017316 0.05648263888888889 0.1053865182436611
2 0.4949097222222222 0.5220531849103277 0.10277777777777777 0.5318862090290661
3 0.49166666666666664 0.8264749536178108 0.2111111111111111 0.11429808286951143
1 0.7362256944444444 0.4082745825602968 0.05347222222222222 0.09009894867037724
2 0.7462951388888889 0.5455534941249227 0.08703472222222222 0.3530055658627087
3 0.7700208333333333 0.7840197897340755 0.050694444444444445 0.07061224489795918
1 0.16770833333333332 0.45835497835497835 0.03680555555555556 0.059177489177489176
2 0.16678125 0.5976932591218306 0.07013888888888889 0.3377551020408163
3 0.15590277777777778 0.7972047000618429 0.051159722222222224 0.05083487940630798
1 0.2743055555555556 0.5193568336425479 0.03101736111111111 0.04598639455782313
2 0.2785868055555556 0.6187198515769945 0.04838194444444444 0.24953617810760667
3 0.2832152777777778 0.7599072356215213 0.031711805555555556 0.052900432900432906