1 0.26273263888888887 0.4121830550401979 0.039350694444444445 0.08230055658627088
2 0.2537048611111111 0.5525541125541126 0.07592708333333333 0.3653741496598639
3 0.22453819444444442 0.7757575757575759 0.04536805555555556 0.08383426097711812
1 0.528125 0.3080952380952381 0.06041666666666667 0.10580705009276438
2 0.5163194444444444 0.5356462585034013 0.13217708333333333 0.5475633889919604
3 0.5060173611111111 0.836969696969697 0.20648263888888888 0.10979591836734694
1 0.7255798611111112 0.5193692022263451 0.03217361111111111 0.04927025355596784
2 0.7256944444444444 0.6150092764378479 0.04861111111111111 0.24376004947433522
3 0.7196770833333334 0.753308596165739 0.03657291666666666 0.04630179344465059
1 0.8328680555555555 0.4639146567717996 0.045371527777777775 0.06123685837971552
2 0.8311354166666667 0.6100556586270872 0.06551041666666667 0.3492764378478664
3 0.8450243055555556 0.7918491032776748 0.04884375 0.061539888682745826